accelerometer_noise_density: 0.001093618
gyroscope_noise_density: 4.584471e-05
accelerometer_random_walk: 0.00060369579
gyroscope_random_walk: 3.22094e-05
integration_sigma: 0.316227